# Format: [index] X Y
1 0.000000 0.045358
2 0.000401 0.044411
3 0.000585 0.043986
4 0.000740 0.043636
5 0.000884 0.043320
6 0.001023 0.043022
7 0.001161 0.042736
8 0.001301 0.042456
9 0.001445 0.042178
10 0.001593 0.041902
11 0.001747 0.041625
12 0.001907 0.041346
13 0.002075 0.041064
14 0.002251 0.040778
15 0.002436 0.040489
16 0.002631 0.040194
17 0.002836 0.039894
18 0.003053 0.039588
19 0.003281 0.039277
20 0.003522 0.038959
21 0.003777 0.038634
22 0.004046 0.038302
23 0.004330 0.037963
24 0.004630 0.037616
25 0.004946 0.037262
26 0.005280 0.036900
27 0.005633 0.036530
28 0.006005 0.036151
29 0.006397 0.035765
30 0.006810 0.035370
31 0.007246 0.034966
32 0.007705 0.034553
33 0.008188 0.034132
34 0.008696 0.033702
35 0.009231 0.033264
36 0.009794 0.032816
37 0.010386 0.032359
38 0.011007 0.031893
39 0.011660 0.031419
40 0.012345 0.030935
41 0.013065 0.030443
42 0.013819 0.029941
43 0.014611 0.029431
44 0.015440 0.028912
45 0.016309 0.028385
46 0.017220 0.027849
47 0.018173 0.027304
48 0.019170 0.026752
49 0.020213 0.026191
50 0.021304 0.025623
51 0.022445 0.025047
52 0.023636 0.024463
53 0.024881 0.023872
54 0.026181 0.023275
55 0.027538 0.022671
56 0.028953 0.022061
57 0.030430 0.021445
58 0.031969 0.020824
59 0.033574 0.020197
60 0.035246 0.019566
61 0.036988 0.018931
62 0.038802 0.018292
63 0.040690 0.017650
64 0.042655 0.017006
65 0.044699 0.016359
66 0.046825 0.015712
67 0.049035 0.015063
68 0.051333 0.014415
69 0.053720 0.013767
70 0.056199 0.013121
71 0.058774 0.012478
72 0.061447 0.011837
73 0.064222 0.011200
74 0.067101 0.010569
75 0.070087 0.009943
76 0.073184 0.009325
77 0.076394 0.008714
78 0.079722 0.008112
79 0.083170 0.007521
80 0.086743 0.006941
81 0.090443 0.006373
82 0.094274 0.005819
83 0.098240 0.005281
84 0.102344 0.004759
85 0.106591 0.004255
86 0.110984 0.003771
87 0.115528 0.003308
88 0.120226 0.002867
89 0.125082 0.002451
90 0.130101 0.002060
91 0.135288 0.001697
92 0.140646 0.001364
93 0.146180 0.001062
94 0.151894 0.000794
95 0.157794 0.000561
96 0.163883 0.000365
97 0.170168 0.000209
98 0.176652 0.000094
99 0.183341 0.000024
100 0.190240 0.000000
